% map image tag file: rtkplot 2.4.1

scalex  = 0.7045
scaley  = 0.7
scaleeq = 0
lat     = 35.71469
lon     = 138.451425
