% map image tag file: rtkplot 2.4.1

scalex  = 0.9725
scaley  = 0.9655
scaleeq = %1
lat     = 35.7148563
lon     = 138.450999
